1 -6.3
1 -9.4
1 -6.7
1 -8.4
1 -9.1
1 -8.6
1 -9.6
1 -8.8
1 -7.6
1 -8.4
1 -8.0
1 -11.1
1 -9.5
1 -8.4
1 -7.6
1 -8.8
1 -7.6
1 -8.4
1 -8.9
1 -9.8
1 -9.0
1 -8.3
1 -8.4
1 -8.3
1 -8.9
1 -9.0
1 -8.7
1 -9.8
1 -8.8
0 -7.1
0 -9.9
0 -10.0
0 -9.4
0 -10.5
0 -9.9
0 -9.5
0 -10.2
0 -7.6
0 -9.0
0 -9.4
0 -9.9
0 -8.5
0 -7.3
0 -9.9
0 -9.5
0 -9.6
0 -8.7
0 -9.4
0 -7.9
0 -9.2
0 -7.0
0 -8.9
0 -9.7
0 -8.6
0 -8.5
0 -8.7
0 -5.8
0 -8.5
0 -8.6
0 -9.4
0 -8.2
0 -8.8
0 -9.2
0 -8.4
0 -8.8
0 -7.5
0 -6.1
0 -8.8
0 -8.6
0 -8.9
0 -8.3
0 -7.6
0 -7.6
0 -8.4
0 -8.6
0 -8.4
0 -8.0
0 -9.2
0 -9.9
0 -7.0
0 -8.5
0 -8.0
0 -8.5
0 -9.3
0 -7.8
0 -7.7
0 -9.1
0 -9.0
0 -9.5
0 -8.1
0 -8.6
0 -8.7
0 -8.5
0 -10.8
0 -8.9
0 -8.4
0 -8.5
0 -8.9
0 -9.2
0 -9.2
0 -7.3
0 -7.6
0 -8.0
0 -9.8
0 -8.0
0 -8.2
0 -8.7
0 -7.5
0 -8.2
0 -8.2
0 -9.0
0 -8.5
0 -8.0
0 -8.9
0 -8.2
0 -8.4
0 -9.9
0 -8.4
0 -8.2
0 -8.3
0 -10.0
0 -7.8
0 -6.1
0 -6.6
0 -9.0
0 -8.9
0 -9.3
0 -9.8
0 -9.3
0 -9.8
0 -8.0
0 -9.2
0 -8.5
0 -8.8
0 -9.3
0 -7.9
0 -7.8
0 -7.9
0 -8.2
0 -9.0
0 -10.1
0 -8.2
0 -9.1
0 -9.1
0 -8.4
0 -9.6
0 -7.8
0 -8.2
0 -6.3
0 -8.5
0 -9.1
0 -8.6
0 -8.7
0 -6.1
0 -9.0
0 -8.7
0 -9.0
0 -9.1
0 -9.0
0 -6.7
0 -8.5
0 -8.9
0 -8.0
0 -8.7
0 -7.6
0 -8.9
0 -9.3
0 -8.7
0 -9.5
0 -7.6
0 -8.9
0 -8.1
0 -8.8
0 -8.8
0 -7.9
0 -9.5
0 -9.0
0 -9.6
0 -7.6
0 -7.3
0 -9.1
0 -8.3
0 -9.0
0 -8.8
0 -7.7
0 -8.6
0 -7.2
0 -9.4
0 -9.2
0 -7.9
0 -8.8
0 -8.0
0 -7.1
0 -7.9
0 -8.6
0 -9.3
0 -8.6
0 -9.7
0 -7.3
0 -9.5
0 -8.2
0 -7.6
0 -8.2
0 -8.2
0 -9.2
0 -8.6
0 -8.1
0 -7.5
0 -8.2
0 -7.5
0 -6.5
0 -8.5
0 -11.1
0 -8.6
0 -8.3
0 -8.7
0 -8.9
0 -9.4
0 -8.6
0 -8.9
0 -9.7
0 -7.1
0 -8.2
0 -10.2
0 -9.9
0 -9.0
0 -8.0
0 -7.8
0 -9.2
0 -7.6
0 -7.6
0 -8.6
0 -8.5
0 -8.6
0 -7.5
0 -7.9
0 -6.8
0 -7.7
0 -7.1
0 -6.8
0 -7.8
0 -8.3
0 -8.2
0 -7.4
0 -6.7
0 -7.9
0 -8.1
0 -6.4
0 -6.6
0 -6.4
0 -7.8
0 -7.4
0 -7.7
0 -7.7
0 -7.3
0 -8.0
0 -7.4
0 -7.1
0 -7.3
0 -7.8
0 -7.3
0 -7.8
0 -7.5
0 -8.2
0 -7.8
0 -7.7
0 -7.6
0 -8.0
0 -6.7
0 -6.6
0 -8.1
0 -8.0
0 -7.0
0 -8.5
0 -8.8
0 -7.9
0 -7.2
0 -7.7
0 -8.2
0 -8.6
0 -8.8
0 -7.9
0 -7.9
0 -9.0
0 -7.9
0 -9.3
0 -8.4
0 -7.3
0 -8.4
0 -8.5
0 -9.0
0 -8.7
0 -7.9
0 -6.0
0 -7.7
0 -9.1
0 -8.6
0 -6.6
0 -8.2
0 -7.8
0 -8.0
0 -9.3
0 -8.6
0 -8.7
0 -9.0
0 -8.2
0 -8.8
0 -8.6
0 -8.0
0 -7.5
0 -9.3
0 -5.6
0 -9.4
0 -8.6
0 -9.2
0 -9.3
0 -9.0
0 -8.2
0 -8.1
0 -8.1
0 -11.2
0 -7.5
0 -9.1
0 -8.3
0 -9.6
0 -7.5
0 -8.9
0 -9.8
0 -7.3
0 -10.5
0 -9.9
0 -8.9
0 -8.6
0 -7.4
0 -8.8
0 -8.8
0 -8.5
0 -7.3
0 -8.0
0 -7.8
0 -7.0
0 -8.6
0 -8.9
0 -7.7
0 -7.9
0 -7.8
0 -7.4
0 -8.4
0 -6.4
0 -8.9
0 -10.9
0 -7.9
0 -5.5
0 -9.4
0 -8.9
0 -5.3
0 -9.7
0 -8.7
0 -9.0
0 -8.6
0 -8.5
0 -8.1
0 -8.6
0 -8.8
0 -8.1
0 -8.8
0 -9.3
0 -8.0
0 -10.7
0 -6.3
0 -8.9
0 -7.4
0 -8.9
0 -8.6
0 -9.3
0 -7.3
0 -8.5
0 -8.6
0 -9.0
0 -8.1
0 -9.3
0 -10.9
0 -7.6
0 -8.4
0 -7.9
0 -8.8
0 -8.7
0 -9.8
0 -8.5
0 -9.4
0 -7.6
0 -9.2
0 -10.0
0 -8.3
0 -8.4
0 -9.4
0 -7.4
0 -6.1
0 -9.0
0 -9.3
0 -6.0
0 -8.5
0 -8.1
0 -6.9
0 -7.9
0 -9.1
0 -8.6
0 -8.8
0 -9.5
0 -7.4
0 -8.5
0 -9.6
0 -8.6
0 -10.1
0 -8.7
0 -7.5
0 -7.4
0 -8.8
0 -8.6
0 -7.6
0 -5.8
0 -8.6
0 -10.1
0 -9.6
0 -10.4
0 -9.9
0 -9.1
0 -9.3
0 -7.7
0 -7.7
0 -8.5
0 -7.6
0 -7.8
0 -7.9
0 -8.3
0 -10.1
0 -8.6
0 -8.0
0 -8.9
0 -7.6
0 -7.2
0 -7.0
0 -7.4
0 -7.6
0 -8.0
0 -9.8
0 -7.8
0 -8.6
0 -6.2
0 -7.1
0 -7.3
0 -7.7
0 -6.4
0 -7.7
0 -7.0
0 -7.9
0 -8.2
0 -7.5
0 -8.9
0 -6.9
0 -7.9
0 -8.4
0 -6.9
0 -6.1
0 -7.0
0 -7.8
0 -7.7
0 -6.7
0 -6.1
0 -7.8
0 -7.4
0 -7.4
0 -8.4
0 -7.5
0 -7.5
0 -6.7
0 -6.7
0 -6.2
0 -8.7
0 -7.7
0 -8.3
0 -7.8
0 -8.4
0 -7.4
0 -8.0
0 -7.7
0 -7.8
0 -7.5
0 -7.2
0 -7.4
0 -7.6
0 -8.2
0 -7.9
0 -8.2
0 -8.4
0 -7.1
0 -7.9
0 -9.2
0 -6.8
0 -8.5
0 -8.4
0 -7.3
0 -8.3
0 -8.2
0 -7.1
0 -6.8
0 -7.0
0 -7.0
0 -7.8
0 -7.4
0 -6.7
0 -7.7
0 -7.6
0 -8.6
0 -8.6
0 -7.4
0 -7.1
0 -7.4
0 -6.4
0 -7.3
0 -8.0
0 -9.1
0 -6.7
0 -8.6
0 -8.0
0 -6.7
0 -8.2
0 -8.4
0 -8.4
0 -9.5
0 -9.9
0 -8.1
0 -7.4
0 -6.9
0 -8.7
0 -7.7
0 -8.5
0 -9.2
0 -8.7
0 -8.6
0 -7.8
0 -9.7
0 -7.0
0 -9.0
0 -8.4
0 -6.7
0 -8.4
0 -9.0
0 -8.0
0 -7.4
0 -8.2
0 -6.9
0 -8.3
0 -8.5
0 -9.1
0 -9.8
0 -9.1
0 -9.2
0 -10.1
0 -9.2
0 -7.0
0 -7.3
0 -8.6
0 -8.5
0 -8.6
0 -8.6
0 -8.6
0 -7.4
0 -9.3
0 -5.8
0 -7.3
0 -8.6
0 -9.6
0 -8.6
0 -7.6
0 -8.9
0 -9.1
0 -7.2
0 -8.1
0 -9.3
0 -7.5
0 -8.3
0 -7.4
0 -7.7
0 -8.1
0 -9.7
0 -9.6
0 -8.0
0 -8.8
0 -9.0
0 -8.2
0 -8.1
0 -8.2
0 -7.5
0 -11.0
0 -9.1
0 -8.4
0 -8.4
0 -7.3
0 -8.4
0 -7.2
0 -10.0
0 -7.9
0 -7.4
0 -6.9
0 -8.2
0 -11.8
0 -6.1
0 -8.0
0 -7.6
0 -8.4
0 -8.4
0 -9.5
0 -9.7
0 -8.6
0 -9.4
0 -8.4
0 -9.5
0 -9.7
0 -9.0
0 -10.3
0 -9.0
0 -7.9
0 -8.7
0 -8.3
0 -8.3
0 -7.6
0 -7.5
0 -9.0
0 -5.0
0 -5.8
0 -5.5
0 -8.8
0 -8.5
0 -7.8
0 -7.8
0 -8.3
0 -8.4
0 -7.0
0 -6.8
0 -7.5
0 -7.4
0 -8.0
0 -8.9
0 -8.6
0 -8.8
0 -7.3
0 -7.8
0 -6.8
0 -7.4
0 -7.7
0 -9.7
0 -6.9
0 -7.9
0 -7.0
0 -7.2
0 -6.9
0 -7.5
0 -8.4
0 -8.2
0 -8.2
0 -7.8
0 -7.8
0 -8.0
0 -7.6
0 -7.1
0 -7.8
0 -5.9
0 -5.4
0 -7.4
0 -7.2
0 -7.9
0 -7.4
0 -8.8
0 -6.8
0 -7.7
0 -8.1
0 -7.2
0 -6.1
0 -7.6
0 -7.6
0 -8.2
0 -8.2
0 -8.9
0 -8.6
0 -7.8
0 -7.4
0 -7.9
0 -8.3
0 -7.8
0 -6.5
0 -7.9
0 -7.6
0 -7.1
0 -7.6
0 -7.9
0 -7.7
0 -6.8
0 -8.3
0 -6.0
0 -8.1
0 -8.0
0 -8.3
0 -7.6
0 -6.7
0 -6.6
0 -7.0
0 -7.7
0 -7.6
0 -7.8
0 -8.7
0 -7.1
0 -7.5
0 -8.4
0 -8.7
0 -7.6
0 -7.1
0 -8.8
0 -8.7
0 -7.9
0 -7.1
0 -8.2
0 -8.4
0 -7.8
0 -7.3
0 -8.9
0 -8.0
0 -7.4
0 -6.7
0 -8.4
0 -8.9
0 -9.1
0 -8.7
0 -8.0
0 -8.5
0 -7.1
0 -10.5
0 -10.0
0 -8.4
0 -7.3
0 -6.5
0 -8.6
0 -7.4
0 -7.0
0 -8.6
0 -7.6
0 -8.2
0 -9.2
0 -8.8
0 -10.2
0 -9.3
0 -10.4
0 -9.4
0 -9.4
0 -6.4
0 -10.3
0 -8.7
0 -7.7
0 -8.1
0 -8.8
0 -7.1
0 -7.8
0 -9.2
0 -7.2
0 -9.8
0 -8.8
0 -10.6
0 -9.8
0 -9.7
0 -8.4
0 -7.7
0 -9.1
0 -9.0
0 -8.9
0 -8.2
0 -9.0
0 -9.0
0 -8.7
0 -8.8
0 -7.9
0 -7.5
0 -8.8
0 -7.2
0 -8.1
0 -7.4
0 -8.6
0 -7.6
0 -7.5
0 -7.5
0 -7.6
0 -8.1
0 -8.3
0 -7.4
0 -8.1
0 -8.3
0 -8.0
0 -7.5
0 -7.7
0 -7.6
0 -7.5
0 -7.2
0 -9.1
0 -6.6
0 -7.7
0 -7.7
0 -7.3
0 -8.8
0 -7.5
0 -7.3
0 -7.6
0 -6.8
0 -8.1
0 -7.1
0 -7.4
0 -7.1
0 -7.5
0 -7.6
0 -7.0
0 -6.9
0 -6.0
0 -8.0
0 -6.9
0 -8.6
0 -7.9
0 -6.5
0 -8.0
0 -8.0
0 -8.3
0 -7.7
0 -8.8
0 -7.4
0 -8.4
0 -8.2
0 -7.5
0 -6.5
0 -6.8
0 -7.6
0 -8.9
0 -7.5
0 -7.2
0 -7.4
0 -8.3
0 -7.7
0 -8.2
0 -6.8
0 -8.5
0 -7.8
0 -6.7
0 -7.2
0 -7.0
0 -8.3
0 -7.5
0 -6.8
0 -8.3
0 -7.1
0 -7.0
0 -8.6
0 -8.4
0 -8.9
0 -9.5
0 -8.0
0 -7.5
0 -8.1
0 -8.0
0 -7.1
0 -7.9
0 -6.8
0 -8.1
0 -7.2
0 -7.5
0 -8.0
0 -7.5
0 -8.7
0 -8.3
0 -8.1
0 -9.1
0 -8.4
0 -8.1
0 -7.0
0 -10.0
0 -8.2
0 -9.4
0 -6.9
0 -8.1
0 -8.3
0 -8.3
0 -8.2
0 -8.3
0 -8.3
0 -6.9
0 -8.0
0 -10.9
0 -8.9
0 -8.4
0 -6.5
0 -8.3
0 -9.8
0 -9.2
0 -7.8
0 -7.8
0 -7.9
0 -6.7
0 -9.1
0 -6.9
0 -8.9
0 -9.1
0 -7.2
0 -8.7
0 -7.8
0 -8.5
0 -8.2
0 -8.0
0 -6.2
0 -7.5
0 -6.9
0 -7.6
0 -7.7
0 -6.6
0 -7.5
0 -7.2
0 -8.4
0 -8.8
0 -8.4
0 -10.0
0 -8.3
0 -9.8
0 -7.3
0 -9.3
0 -8.3
0 -7.3
0 -7.9
0 -8.3
0 -8.4
0 -8.3
0 -9.5
0 -8.9
0 -9.0
0 -8.0
0 -9.3
0 -9.4
0 -8.5
0 -8.4
0 -7.6
0 -8.7
0 -7.7
0 -7.5
0 -9.1
0 -9.0
0 -8.4
0 -8.3
0 -7.1
0 -9.7
0 -7.8
0 -9.3
0 -6.8
0 -9.7
0 -5.9
0 -9.7
0 -9.5
0 -10.3
0 -9.2
0 -9.7
0 -9.2
0 -10.0
0 -8.5
0 -8.8
0 -9.2
0 -9.5
0 -9.5
0 -9.4
0 -7.1
0 -9.3
0 -7.5
0 -7.4
0 -8.5
0 -9.0
0 -9.1
0 -8.0
0 -6.5
0 -8.2
0 -8.3
0 -8.0
0 -8.3
0 -8.7
0 -8.7
0 -8.4
0 -9.2
0 -8.2
0 -8.8
0 -8.4
0 -8.4
0 -6.8
0 -8.2
0 -9.2
0 -8.5
0 -8.1
0 -8.8
0 -7.6
0 -7.6
0 -9.7
0 -9.3
0 -9.7
0 -7.5
0 -10.0
0 -6.1
0 -9.2
0 -7.5
0 -7.9
0 -6.3
0 -9.4
0 -7.7
0 -9.4
0 -8.7
0 -8.0
0 -7.6
0 -8.0
0 -8.6
0 -9.6
0 -9.6
0 -9.0
0 -9.8
0 -9.5
0 -9.2
0 -9.2
0 -8.5
0 -9.5
0 -7.9
0 -9.9
0 -8.1
0 -9.8
0 -8.2
0 -8.7
0 -8.2
0 -9.0
0 -8.0
0 -9.7
0 -8.6
0 -8.8
0 -8.4
0 -9.3
0 -8.6
0 -8.7
0 -9.7
0 -7.3
0 -9.0
0 -7.7
0 -7.8
0 -8.8
0 -9.4
0 -9.4
0 -8.7
0 -9.4
0 -9.4
0 -9.4
0 -9.5
0 -9.5
0 -9.3
0 -9.6
0 -10.1
0 -9.1
0 -9.5
0 -8.5
0 -7.5
0 -10.5
0 -8.1
0 -11.6
0 -8.5
0 -8.8
0 -8.3
0 -9.9
0 -7.2
0 -9.4
0 -8.2
0 -10.6
0 -7.7
0 -8.6
0 -8.4
0 -7.7
0 -8.4
0 -8.6
0 -7.3
0 -9.0
0 -8.6
0 -7.5
0 -8.5
0 -8.4
0 -8.7
0 -8.7
0 -5.9
0 -9.1
0 -6.3
0 -7.8
0 -9.1
0 -8.6
0 -7.4
0 -7.3
0 -10.9
0 -8.2
0 -8.8
0 -9.3
0 -7.4
0 -7.7
0 -7.7
0 -8.7
0 -9.6
0 -9.1
0 -8.6
0 -9.1
0 -6.7
0 -9.5
0 -7.1
0 -8.4
0 -9.3
0 -8.5
0 -8.0
0 -7.7
0 -9.5
0 -7.5
0 -8.0
0 -8.5
0 -7.3
0 -9.5
0 -6.6
0 -8.2
0 -9.1
0 -8.3
0 -9.1
0 -7.3
0 -8.2
0 -9.4
0 -8.1
0 -7.9
0 -6.9
0 -8.5
0 -8.0
0 -8.3
0 -8.9
0 -7.2
0 -7.2
0 -7.8
0 -9.8
0 -8.8
0 -8.2
0 -9.6
0 -9.0
0 -8.8
0 -7.4
0 -9.7
0 -7.9
0 -7.8
0 -8.1
0 -9.1
0 -9.2
0 -10.1
0 -8.7
0 -9.1
0 -8.9
0 -7.8
0 -8.9
0 -7.6
0 -9.8
0 -9.7
0 -7.2
0 -7.9
0 -7.9
0 -8.0
0 -8.5
0 -9.1
0 -8.3
0 -8.0
0 -8.1
0 -9.5
0 -8.9
0 -8.6
0 -9.6
0 -9.1
0 -9.0
0 -10.2
0 -7.6
0 -10.2
0 -7.7
0 -8.5
0 -9.3
0 -8.0
0 -8.8
0 -10.0
0 -8.4
0 -8.7
0 -9.2
0 -9.9
0 -9.2
0 -8.4
0 -9.5
0 -7.9
0 -7.0
0 -8.1
0 -7.1
0 -9.8
0 -8.5
0 -8.2
0 -8.0
0 -6.8
0 -6.9
0 -8.3
0 -7.2
0 -6.8
0 -8.1
0 -8.4
0 -8.0
0 -10.0
0 -8.7
0 -9.7
0 -8.9
0 -8.3
0 -8.6
0 -8.3
0 -7.1
0 -8.1
0 -8.5
0 -6.9
0 -9.6
0 -8.7
0 -8.7
0 -7.9
0 -7.6
0 -8.6
0 -9.3
0 -10.9
0 -8.3
0 -9.6
0 -8.2
0 -8.5
0 -8.5
0 -8.5
0 -8.9
0 -7.3
0 -10.9
0 -8.3
0 -7.0
0 -8.0
0 -6.5
0 -8.7
0 -6.8
0 -9.9
0 -10.6
0 -9.4
0 -8.8
0 -8.4
0 -7.6
0 -8.7
0 -8.8
0 -9.7
0 -8.6
0 -8.1
0 -10.1
0 -9.0
0 -7.7
0 -9.2
0 -7.8
0 -9.3
0 -11.0
0 -8.5
0 -9.1
0 -8.8
0 -10.2
0 -8.0
0 -9.0
0 -9.9
0 -9.7
0 -9.8
0 -9.5
0 -9.8
0 -8.7
0 -7.4
0 -8.6
0 -8.4
0 -6.9
0 -8.1
0 -7.8
0 -8.6
0 -7.8
0 -6.7
0 -8.1
0 -9.8
0 -9.2
0 -8.5
0 -7.6
0 -9.4
0 -7.2
0 -8.1
0 -9.5
0 -9.6
0 -8.8
0 -7.7
0 -8.5
0 -8.7
0 -8.1
0 -7.8
0 -9.1
0 -7.8
0 -9.3
0 -8.8
0 -8.6
0 -7.6
0 -8.7
0 -9.6
0 -8.0
0 -8.0
0 -8.6
0 -9.4
0 -8.2
0 -8.6
0 -8.6
0 -9.7
0 -9.0
0 -7.8
0 -11.2
0 -10.9
0 -7.8
0 -7.5
0 -8.3
0 -9.5
0 -8.8
0 -8.4
0 -8.1
0 -7.3
0 -10.5
0 -9.3
0 -7.3
0 -6.5
0 -8.5
0 -8.1
0 -8.0
0 -7.0
0 -8.7
0 -8.4
0 -9.2
0 -8.1
0 -9.6
0 -8.4
0 -7.1
0 -10.0
0 -9.6
0 -7.5
0 -8.9
0 -7.6
0 -8.5
0 -7.1
0 -8.3
0 -9.0
0 -7.7
0 -8.1
0 -10.7
0 -10.3
0 -9.5
0 -9.4
0 -9.3
0 -8.6
0 -9.1
0 -9.6
0 -9.1
0 -9.4
0 -8.9
0 -8.0
0 -7.2
0 -8.8
0 -7.5
0 -9.9
0 -8.4
0 -8.8
0 -9.0
0 -8.4
0 -9.5
0 -10.0
0 -8.7
0 -9.4
0 -8.7
0 -8.3
0 -8.3
0 -8.5
0 -8.6
0 -8.2
0 -7.3
0 -8.6
0 -8.6
0 -8.4
0 -8.2
0 -6.9
0 -9.2
0 -8.9
0 -9.9
0 -7.9
0 -7.5
0 -7.0
0 -8.1
0 -8.1
0 -7.7
0 -9.4
0 -8.8
0 -9.4
0 -6.6
0 -8.5
0 -9.2
0 -8.8
0 -9.2
0 -9.1
0 -8.7
0 -7.8
0 -6.3
0 -8.4
0 -9.2
0 -9.9
0 -8.9
0 -7.1
0 -7.8
0 -10.5
0 -9.5
0 -9.6
0 -8.6
0 -8.7
0 -9.1
0 -9.4
0 -9.1
0 -8.9
0 -8.4
0 -10.2
0 -8.4
0 -9.6
0 -8.2
0 -7.5
0 -8.1
0 -10.5
0 -8.4
0 -7.3
0 -8.6
0 -7.4
0 -8.6
0 -8.6
0 -5.8
0 -8.7
0 -8.4
0 -6.8
0 -9.1
0 -5.4
0 -7.6
0 -8.1
0 -9.3
0 -6.4
0 -9.2
0 -8.3
0 -9.6
0 -8.4
0 -8.0
0 -10.3
0 -6.7
0 -7.7
0 -6.8
0 -8.0
0 -8.1
0 -6.4
0 -9.2
0 -7.6
0 -8.6
0 -8.3
0 -7.7
0 -9.3
0 -8.9
0 -8.3
0 -8.6
0 -10.2
0 -10.1
0 -9.5
0 -8.1
0 -10.7
0 -7.6
0 -8.2
0 -8.9
0 -7.6
0 -8.9
